    1    1    1     0.538     0.212     0.234     0.000     0.000     0.016
    2    1    2     0.399     0.470     0.098     0.000     0.033     0.000
    3    1    2     0.060     0.852     0.077     0.011     0.000     0.000
    4    1    2     0.371     0.571     0.057     0.000     0.000     0.000
    5    1    1     0.745     0.224     0.031     0.000     0.000     0.000
    6    1    2     0.180     0.802     0.012     0.006     0.000     0.000
    7    1    1     0.800     0.189     0.011     0.000     0.000     0.000
    8    1    1     0.774     0.205     0.021     0.000     0.000     0.000
    9    1    1     0.481     0.370     0.099     0.000     0.017     0.033
   10    1    1     0.795     0.157     0.049     0.000     0.000     0.000
   11    1    2     0.264     0.731     0.005     0.000     0.000     0.000
   12    1    1     0.882     0.067     0.051     0.000     0.000     0.000
   13    1    2     0.307     0.659     0.034     0.000     0.000     0.000
   14    1    1     0.784     0.186     0.031     0.000     0.000     0.000
   15    1    1     0.967     0.020     0.013     0.000     0.000     0.000
   16    1    1     0.951     0.038     0.011     0.000     0.000     0.000
   17    1    1     0.854     0.121     0.020     0.000     0.000     0.005
   18    1    1     0.586     0.065     0.296     0.000     0.006     0.047
   19    1    1     0.655     0.085     0.230     0.000     0.024     0.006
   20    1    1     0.459     0.378     0.162     0.000     0.000     0.000
   21    1    1     0.561     0.364     0.076     0.000     0.000     0.000
   22    1    1     0.500     0.017     0.267     0.000     0.188     0.028
   23    1    1     0.803     0.101     0.096     0.000     0.000     0.000
   24    1    1     0.970     0.020     0.010     0.000     0.000     0.000
   25    1    1     0.540     0.172     0.288     0.000     0.000     0.000
   26    1    1     0.808     0.170     0.022     0.000     0.000     0.000
   27    1    1     0.406     0.321     0.269     0.005     0.000     0.000
   28    1    1     0.796     0.148     0.056     0.000     0.000     0.000
   29    1    1     0.615     0.369     0.016     0.000     0.000     0.000
   30    1    1     0.844     0.113     0.043     0.000     0.000     0.000
   31    1    1     0.934     0.061     0.005     0.000     0.000     0.000
   32    1    1     0.946     0.032     0.022     0.000     0.000     0.000
   33    1    1     0.694     0.290     0.016     0.000     0.000     0.000
   34    1    1     0.929     0.054     0.000     0.016     0.000     0.000
   35    1    1     0.887     0.040     0.073     0.000     0.000     0.000
   36    1    3     0.200     0.243     0.551     0.000     0.000     0.005
   37    1    1     0.692     0.115     0.176     0.000     0.000     0.016
   38    1    1     0.920     0.069     0.006     0.006     0.000     0.000
   39    1    1     0.822     0.022     0.150     0.000     0.006     0.000
   40    1    1     0.837     0.020     0.134     0.000     0.010     0.000
   41    1    1     0.847     0.136     0.011     0.000     0.000     0.006
   42    1    1     0.886     0.090     0.020     0.000     0.000     0.005
   43    1    1     0.738     0.059     0.198     0.000     0.000     0.005
   44    1    1     0.787     0.075     0.132     0.000     0.000     0.006
   45    1    1     0.684     0.284     0.026     0.000     0.000     0.005
   46    1    1     0.605     0.157     0.222     0.000     0.000     0.016
   47    1    1     0.464     0.408     0.106     0.000     0.000     0.022
   48    1    1     0.560     0.171     0.171     0.000     0.080     0.017
   49    1    1     0.751     0.146     0.078     0.020     0.000     0.005
   50    1    1     0.462     0.145     0.220     0.000     0.000     0.172
   51    1    1     0.683     0.163     0.115     0.019     0.000     0.019
   52    1    1     0.481     0.260     0.094     0.011     0.000     0.155
   53    1    1     0.584     0.202     0.157     0.006     0.006     0.045
   54    1    1     0.736     0.168     0.071     0.000     0.010     0.015
   55    1    1     0.724     0.133     0.144     0.000     0.000     0.000
   56    1    2     0.384     0.523     0.012     0.029     0.006     0.047
   57    1    1     0.451     0.382     0.093     0.025     0.015     0.034
   58    1    1     0.734     0.237     0.023     0.000     0.000     0.006
   59    1    1     0.657     0.320     0.022     0.000     0.000     0.000
   60    1    1     0.553     0.379     0.068     0.000     0.000     0.000
   61    1    3     0.438     0.108     0.443     0.006     0.006     0.000
   62    1    1     0.483     0.098     0.137     0.015     0.005     0.263
   63    1    1     0.753     0.121     0.126     0.000     0.000     0.000
   64    1    3     0.373     0.049     0.416     0.000     0.162     0.000
   65    1    1     0.845     0.043     0.112     0.000     0.000     0.000
   66    1    1     0.648     0.095     0.246     0.000     0.005     0.005
   67    1    1     0.874     0.110     0.010     0.005     0.000     0.000
   68    1    1     0.811     0.149     0.017     0.006     0.011     0.006
   69    1    1     0.886     0.078     0.031     0.005     0.000     0.000
   70    1    1     0.654     0.201     0.061     0.050     0.000     0.034
   71    2    2     0.280     0.484     0.075     0.016     0.091     0.054
   72    2    2     0.247     0.644     0.108     0.000     0.000     0.000
   73    2    2     0.134     0.861     0.005     0.000     0.000     0.000
   74    2    2     0.052     0.908     0.029     0.006     0.000     0.006
   75    2    2     0.023     0.977     0.000     0.000     0.000     0.000
   76    2    2     0.032     0.962     0.005     0.000     0.000     0.000
   77    2    2     0.026     0.947     0.026     0.000     0.000     0.000
   78    2    2     0.024     0.933     0.043     0.000     0.000     0.000
   79    2    1     0.428     0.340     0.195     0.000     0.006     0.031
   80    2    2     0.110     0.846     0.000     0.016     0.000     0.027
   81    2    2     0.031     0.895     0.026     0.037     0.000     0.010
   82    2    2     0.177     0.768     0.055     0.000     0.000     0.000
   83    2    2     0.251     0.605     0.128     0.000     0.000     0.015
   84    2    2     0.084     0.911     0.006     0.000     0.000     0.000
   85    2    2     0.076     0.412     0.012     0.106     0.071     0.324
   86    2    2     0.169     0.746     0.085     0.000     0.000     0.000
   87    2    2     0.204     0.785     0.010     0.000     0.000     0.000
   88    2    2     0.062     0.885     0.052     0.000     0.000     0.000
   89    2    2     0.077     0.857     0.066     0.000     0.000     0.000
   90    2    2     0.256     0.639     0.050     0.022     0.000     0.033
   91    2    2     0.273     0.696     0.015     0.000     0.000     0.015
   92    2    2     0.182     0.733     0.085     0.000     0.000     0.000
   93    2    2     0.231     0.467     0.237     0.018     0.024     0.024
   94    2    2     0.125     0.818     0.051     0.000     0.000     0.006
   95    2    2     0.195     0.778     0.016     0.000     0.000     0.011
   96    2    1     0.390     0.262     0.331     0.012     0.000     0.006
   97    2    2     0.416     0.530     0.035     0.000     0.000     0.020
   98    2    1     0.729     0.160     0.037     0.005     0.000     0.069
   99    2    2     0.193     0.722     0.070     0.011     0.000     0.005
  100    2    1     0.574     0.320     0.086     0.010     0.000     0.010
  101    2    2     0.287     0.590     0.108     0.000     0.000     0.015
  102    2    2     0.321     0.461     0.088     0.057     0.041     0.031
  103    2    1     0.592     0.257     0.073     0.026     0.021     0.031
  104    2    2     0.297     0.588     0.038     0.044     0.000     0.033
  105    2    2     0.345     0.490     0.035     0.025     0.025     0.080
  106    2    4     0.000     0.315     0.011     0.625     0.011     0.038
  107    2    2     0.031     0.383     0.010     0.301     0.015     0.260
  108    2    2     0.099     0.744     0.006     0.128     0.000     0.023
  109    2    2     0.129     0.354     0.045     0.185     0.197     0.090
  110    2    5     0.066     0.235     0.033     0.104     0.514     0.049
  111    2    2     0.021     0.778     0.015     0.067     0.098     0.021
  112    2    2     0.016     0.783     0.016     0.054     0.103     0.027
  113    2    2     0.078     0.797     0.005     0.078     0.016     0.026
  114    2    2     0.277     0.696     0.022     0.000     0.000     0.005
  115    2    2     0.221     0.740     0.022     0.000     0.000     0.017
  116    2    2     0.148     0.807     0.045     0.000     0.000     0.000
  117    2    2     0.184     0.726     0.084     0.006     0.000     0.000
  118    2    2     0.108     0.804     0.039     0.020     0.000     0.029
  119    2    2     0.144     0.796     0.055     0.006     0.000     0.000
  120    2    2     0.071     0.883     0.046     0.000     0.000     0.000
  121    2    2     0.330     0.571     0.099     0.000     0.000     0.000
  122    2    2     0.274     0.709     0.017     0.000     0.000     0.000
  123    2    2     0.157     0.751     0.091     0.000     0.000     0.000
  124    2    2     0.103     0.831     0.062     0.005     0.000     0.000
  125    2    1     0.663     0.233     0.058     0.006     0.000     0.041
  126    2    2     0.351     0.481     0.151     0.011     0.000     0.005
  127    2    3     0.365     0.106     0.529     0.000     0.000     0.000
  128    2    2     0.150     0.533     0.048     0.120     0.072     0.078
  129    2    2     0.132     0.358     0.162     0.221     0.034     0.093
  130    2    2     0.068     0.503     0.051     0.232     0.102     0.045
  131    2    2     0.086     0.405     0.025     0.350     0.080     0.055
  132    2    2     0.071     0.714     0.011     0.143     0.000     0.060
  133    2    2     0.288     0.692     0.020     0.000     0.000     0.000
  134    2    2     0.126     0.747     0.116     0.005     0.000     0.005
  135    2    2     0.300     0.656     0.044     0.000     0.000     0.000
  136    2    2     0.297     0.622     0.076     0.000     0.000     0.005
  137    2    1     0.582     0.368     0.049     0.000     0.000     0.000
  138    2    2     0.258     0.715     0.022     0.005     0.000     0.000
  139    2    2     0.142     0.843     0.000     0.015     0.000     0.000
  140    2    2     0.068     0.927     0.005     0.000     0.000     0.000
  141    2    2     0.029     0.960     0.011     0.000     0.000     0.000
  142    2    1     0.520     0.411     0.069     0.000     0.000     0.000
  143    2    2     0.409     0.574     0.017     0.000     0.000     0.000
  144    2    2     0.095     0.845     0.012     0.024     0.006     0.018
  145    2    1     0.503     0.298     0.173     0.000     0.000     0.026
  146    2    2     0.435     0.495     0.060     0.000     0.000     0.011
  147    3    1     0.630     0.130     0.235     0.000     0.005     0.000
  148    3    3     0.244     0.217     0.539     0.000     0.000     0.000
  149    3    3     0.319     0.287     0.388     0.005     0.000     0.000
  150    3    1     0.480     0.349     0.160     0.000     0.000     0.011
  151    3    2     0.151     0.698     0.134     0.006     0.000     0.011
  152    3    1     0.750     0.012     0.058     0.000     0.174     0.006
  153    3    1     0.541     0.129     0.320     0.000     0.010     0.000
  154    3    1     0.346     0.314     0.314     0.005     0.000     0.021
  155    3    2     0.376     0.465     0.153     0.000     0.000     0.005
  156    3    1     0.418     0.418     0.163     0.000     0.000     0.000
  157    3    3     0.208     0.167     0.609     0.000     0.000     0.016
  158    3    1     0.904     0.012     0.066     0.006     0.012     0.000
  159    3    3     0.259     0.354     0.367     0.006     0.000     0.013
  160    3    3     0.240     0.257     0.474     0.011     0.000     0.017
  161    3    2     0.296     0.398     0.258     0.016     0.000     0.032
  162    3    1     0.632     0.222     0.135     0.006     0.000     0.006
  163    3    1     0.713     0.202     0.067     0.000     0.006     0.011
  164    4    6     0.027     0.223     0.000     0.090     0.005     0.654
  165    4    4     0.063     0.226     0.021     0.511     0.111     0.068
  166    4    4     0.035     0.163     0.015     0.738     0.030     0.020
  167    4    4     0.016     0.186     0.005     0.761     0.016     0.016
  168    4    4     0.005     0.084     0.000     0.853     0.042     0.016
  169    4    4     0.031     0.209     0.000     0.571     0.037     0.152
  170    4    4     0.038     0.146     0.006     0.766     0.044     0.000
  171    4    4     0.006     0.433     0.017     0.517     0.000     0.028
  172    4    4     0.005     0.128     0.005     0.694     0.026     0.143
  173    4    4     0.005     0.149     0.005     0.678     0.025     0.139
  174    4    4     0.043     0.429     0.011     0.495     0.005     0.016
  175    4    2     0.059     0.514     0.027     0.270     0.011     0.119
  176    4    4     0.081     0.395     0.017     0.413     0.058     0.035
  177    5    5     0.082     0.128     0.036     0.041     0.673     0.041
  178    5    2     0.152     0.354     0.070     0.025     0.354     0.044
  179    5    5     0.028     0.083     0.050     0.028     0.718     0.094
  180    5    5     0.043     0.059     0.027     0.022     0.785     0.065
  181    5    5     0.023     0.198     0.006     0.041     0.494     0.238
  182    5    5     0.006     0.067     0.006     0.034     0.770     0.118
  183    5    5     0.006     0.150     0.000     0.106     0.467     0.272
  184    5    2     0.028     0.410     0.022     0.096     0.393     0.051
  185    5    5     0.030     0.172     0.018     0.030     0.533     0.219
  186    6    2     0.122     0.400     0.028     0.178     0.022     0.250
  187    6    6     0.086     0.283     0.053     0.166     0.000     0.412
  188    6    1     0.681     0.181     0.126     0.005     0.000     0.005
  189    6    2     0.050     0.441     0.028     0.218     0.134     0.128
  190    6    6     0.188     0.287     0.017     0.033     0.050     0.425
  191    6    6     0.017     0.046     0.017     0.069     0.179     0.671
  192    6    6     0.000     0.006     0.000     0.000     0.000     0.994
  193    6    6     0.011     0.070     0.000     0.016     0.032     0.871
  194    6    6     0.000     0.000     0.000     0.000     0.006     0.994
  195    6    6     0.000     0.000     0.000     0.000     0.006     0.994
  196    6    6     0.000     0.046     0.010     0.020     0.015     0.909
  197    6    6     0.023     0.094     0.006     0.094     0.041     0.743
  198    6    6     0.000     0.000     0.000     0.000     0.000     1.000
  199    6    6     0.000     0.011     0.000     0.011     0.000     0.977
  200    6    6     0.000     0.030     0.000     0.000     0.005     0.965
  201    6    6     0.000     0.006     0.000     0.012     0.018     0.964
  202    6    2     0.083     0.327     0.071     0.321     0.131     0.065
  203    6    6     0.000     0.005     0.000     0.021     0.011     0.963
  204    6    6     0.000     0.000     0.000     0.000     0.016     0.984
  205    6    6     0.000     0.000     0.000     0.000     0.005     0.995
  206    6    6     0.006     0.011     0.000     0.000     0.067     0.916
  207    6    6     0.000     0.000     0.000     0.000     0.010     0.990
  208    6    6     0.016     0.105     0.011     0.142     0.042     0.684
  209    6    6     0.000     0.010     0.000     0.005     0.146     0.840
  210    6    6     0.016     0.080     0.027     0.059     0.096     0.723
  211    6    6     0.000     0.000     0.000     0.000     0.005     0.995
  212    6    6     0.022     0.043     0.011     0.022     0.118     0.785
  213    6    6     0.000     0.000     0.000     0.000     0.012     0.988
  214    6    6     0.000     0.000     0.000     0.005     0.031     0.964
