    0  -12   -1  -13   -6   -8    4   -6  -21
  -12    0   -3  -18  -12   46  -20   23  -23
   -1   -3    0    5   -2    4    9  -16  -19
  -13  -18    5    0   -7   -1    9   29  -22
   -6  -12   -2   -7    0  -12  -15   -3   -5
   -8   46    4   -1  -12    0  -10  -16  -18
    4  -20    9    9  -15  -10    0  -10  -17
   -6   23  -16   29   -3  -16  -10    0  -25
  -21  -23  -19  -22   -5  -18  -17  -25    0
